1 63 1
1 64 0
2 62 0
2 65 0
3 61 0
3 66 1
4 60 1
4 67 1
5 59 0
5 68 0
6 58 0
6 69 1
7 57 1
7 70 1
8 56 0
8 71 1
9 55 1
9 72 0
10 54 1
10 73 0
271 95 1
271 94 1
271 93 0
271 92 1
271 91 1
271 90 0
271 89 0
271 88 1
271 87 1
271 86 0
271 85 1
271 84 1
271 83 1
271 82 1
271 81 0
271 80 1
271 79 0
271 78 0
271 77 1
271 76 0
271 75 1
271 74 0
271 73 0
271 72 1
271 71 0
271 70 1
271 69 1
271 68 1
271 67 0
271 66 1
271 65 1
271 64 1
314 31 1
314 30 1
314 29 0
314 28 0
314 27 0
314 26 1
314 25 1
314 24 0
314 23 1
314 22 0
314 21 1
314 20 1
314 19 0
314 18 1
314 17 1
314 16 1
314 15 0
314 14 1
314 13 1
314 12 0
314 11 0
314 10 1
314 9 0
314 8 1
314 7 0
314 6 0
314 5 0
314 4 0
314 3 0
314 2 0
314 1 1
314 0 0
27182 75 0
27182 74 1
27182 73 0
27182 72 1
27182 71 1
27182 70 1
27182 69 1
27182 68 0
27182 67 0
27182 66 1
27182 65 1
27182 64 0
31415 95 0
31415 94 0
31415 93 0
31415 92 1
31415 91 1
31415 90 1
31415 89 0
31415 88 0
31415 87 1
31415 86 0
31415 85 0
31415 84 1
31415 83 1
31415 82 0
31415 81 1
31415 80 1
31415 79 1
31415 78 1
31415 77 0
31415 76 0
31415 75 1
31415 74 1
31415 73 1
31415 72 0
31415 71 1
31415 70 1
31415 69 0
31415 68 1
31415 67 1
31415 66 1
31415 65 1
31415 64 0